t # 0
v 0 2
v 1 8
v 2 3
v 3 8
v 4 2
v 5 3
v 6 3
v 7 8
v 8 8
v 9 9
v 10 8
v 11 8
v 12 9
v 13 8
v 14 3
v 15 3
v 16 9
v 17 8
v 18 9
v 19 2
v 20 3
v 21 8
v 22 8
v 23 8
v 24 8
v 25 9
v 26 8
v 27 2
v 28 9
v 29 9
v 30 3
v 31 8
v 32 8
v 33 8
v 34 3
v 35 8
v 36 6
v 37 6
v 38 7
e 0 1 3
e 0 5 3
e 1 26 3
e 2 16 3
e 2 23 3
e 2 26 2
e 3 4 2
e 3 10 2
e 3 11 4
e 4 10 2
e 4 11 3
e 5 7 2
e 5 15 3
e 6 8 2
e 6 9 2
e 7 9 3
e 7 15 3
e 8 13 4
e 8 14 2
e 10 22 2
e 12 13 3
e 12 36 2
e 14 15 2
e 14 28 3
e 14 38 2
e 16 23 3
e 17 23 2
e 17 24 2
e 17 35 3
e 18 19 3
e 18 20 3
e 19 24 3
e 19 25 2
e 19 27 2
e 20 33 2
e 20 34 2
e 21 25 2
e 21 31 2
e 22 30 3
e 22 37 2
e 23 27 2
e 23 35 4
e 26 37 3
e 27 37 2
e 28 38 2
e 29 32 3
e 29 33 3
e 30 31 2
e 32 33 3
e 33 34 2
e 36 37 2
e 36 38 2
t # 1
v 0 2
v 1 8
v 2 3
v 3 8
v 4 2
v 5 3
v 6 3
v 7 8
v 8 8
v 9 9
v 10 8
v 11 8
v 12 9
v 13 8
v 14 3
v 15 3
v 16 9
v 17 8
v 18 9
v 19 2
v 20 3
v 21 8
v 22 8
v 23 8
v 24 8
v 25 9
v 26 2
v 27 2
v 28 9
v 29 9
v 30 3
v 31 8
v 32 8
v 33 8
v 34 3
v 35 8
v 36 6
v 37 6
e 0 1 3
e 0 5 3
e 1 26 3
e 2 16 3
e 2 23 3
e 2 26 2
e 3 4 2
e 3 10 2
e 3 11 4
e 4 10 2
e 4 11 3
e 5 7 2
e 5 15 3
e 6 8 2
e 6 9 2
e 7 9 3
e 7 15 3
e 8 13 4
e 8 14 2
e 10 22 2
e 12 13 3
e 12 36 2
e 14 15 2
e 14 28 3
e 16 23 3
e 17 23 2
e 17 24 2
e 17 35 3
e 18 19 3
e 18 20 3
e 19 24 3
e 19 25 2
e 19 27 2
e 20 33 2
e 20 34 2
e 21 25 2
e 21 31 2
e 22 30 3
e 22 37 2
e 23 27 2
e 23 35 4
e 26 37 3
e 27 37 2
e 28 36 3
e 29 32 3
e 29 33 3
e 30 31 2
e 32 33 3
e 33 34 2
e 36 37 2
t # 2
v 0 9
v 1 9
v 2 8
v 3 9
v 4 8
v 5 9
v 6 9
v 7 9
v 8 3
v 9 8
v 10 3
v 11 9
v 12 8
v 13 3
v 14 8
v 15 9
v 16 2
v 17 8
v 18 8
v 19 2
v 20 2
v 21 9
v 22 2
v 23 8
v 24 9
v 25 9
v 26 9
v 27 9
v 28 3
v 29 8
v 30 3
v 31 6
v 32 6
e 0 4 2
e 0 8 2
e 1 2 2
e 1 3 3
e 1 5 2
e 2 5 3
e 3 5 3
e 4 8 2
e 5 21 2
e 6 7 3
e 6 11 4
e 6 13 3
e 7 11 4
e 7 12 2
e 7 23 3
e 7 31 2
e 9 10 2
e 9 18 2
e 10 18 3
e 12 23 2
e 12 31 2
e 13 21 2
e 13 31 3
e 14 15 2
e 14 16 3
e 14 19 2
e 14 20 2
e 14 24 3
e 15 19 2
e 16 22 2
e 17 25 2
e 17 28 2
e 18 26 3
e 18 32 2
e 19 24 3
e 20 22 2
e 22 32 2
e 25 26 2
e 25 28 2
e 27 28 3
e 27 29 3
e 28 30 3
e 29 30 2
e 31 32 2
t # 3
v 0 2
v 1 9
v 2 8
v 3 8
v 4 8
v 5 9
v 6 3
v 7 9
v 8 9
v 9 2
v 10 3
v 11 3
v 12 9
v 13 8
v 14 9
v 15 8
v 16 3
v 17 8
v 18 2
v 19 2
v 20 8
v 21 2
v 22 2
v 23 2
v 24 8
v 25 3
v 26 3
v 27 3
v 28 9
v 29 3
v 30 8
v 31 9
v 32 9
v 33 2
v 34 9
v 35 8
v 36 8
v 37 8
v 38 9
v 39 3
v 40 9
v 41 9
v 42 2
v 43 3
v 44 3
v 45 3
v 46 8
v 47 9
v 48 8
v 49 3
v 50 8
v 51 2
v 52 2
v 53 8
v 54 2
v 55 2
v 56 2
v 57 8
v 58 9
v 59 3
v 60 3
v 61 9
v 62 3
v 63 8
v 64 9
v 65 9
v 66 6
v 67 6
v 68 6
v 69 6
e 0 1 2
e 0 4 3
e 0 5 3
e 1 2 4
e 1 3 2
e 1 8 3
e 2 3 3
e 4 8 2
e 5 16 3
e 6 11 2
e 6 12 2
e 7 15 2
e 7 24 2
e 9 10 2
e 9 20 2
e 10 20 3
e 11 12 2
e 11 13 2
e 11 14 3
e 12 13 2
e 13 14 2
e 15 24 2
e 15 66 2
e 16 66 3
e 17 21 2
e 17 22 2
e 17 32 3
e 18 19 3
e 18 23 2
e 19 25 2
e 19 26 2
e 19 29 2
e 20 27 3
e 20 67 2
e 21 32 3
e 21 35 3
e 22 23 2
e 23 67 2
e 25 35 2
e 26 27 2
e 26 29 2
e 28 29 3
e 28 30 3
e 29 31 3
e 30 31 2
e 33 34 2
e 33 37 3
e 33 38 3
e 34 36 2
e 34 41 3
e 35 36 3
e 37 41 2
e 38 49 3
e 39 44 2
e 39 45 2
e 40 48 2
e 40 57 2
e 42 43 2
e 42 53 2
e 43 53 3
e 44 45 2
e 44 46 2
e 44 47 3
e 45 46 2
e 46 47 2
e 48 57 2
e 48 68 2
e 49 68 3
e 50 54 2
e 50 55 2
e 50 65 3
e 51 52 3
e 51 56 2
e 52 58 2
e 52 59 2
e 52 62 2
e 53 60 3
e 53 69 2
e 54 65 3
e 55 56 2
e 57 58 3
e 59 60 2
e 59 62 2
e 61 62 3
e 61 63 3
e 62 64 3
e 63 64 2
e 66 67 2
e 68 69 2
t # 4
v 0 3
v 1 2
v 2 9
v 3 2
v 4 9
v 5 8
v 6 9
v 7 3
v 8 8
v 9 3
v 10 8
v 11 9
v 12 9
v 13 2
v 14 9
v 15 3
v 16 9
v 17 8
v 18 8
v 19 3
v 20 8
v 21 2
v 22 3
v 23 2
v 24 8
v 25 9
v 26 3
v 27 2
v 28 9
v 29 9
v 30 9
v 31 3
v 32 2
v 33 8
v 34 9
v 35 3
v 36 2
v 37 9
v 38 8
v 39 9
v 40 8
v 41 9
v 42 3
v 43 8
v 44 3
v 45 8
v 46 9
v 47 9
v 48 2
v 49 9
v 50 3
v 51 9
v 52 8
v 53 8
v 54 3
v 55 8
v 56 2
v 57 9
v 58 2
v 59 8
v 60 9
v 61 3
v 62 2
v 63 9
v 64 9
v 65 9
v 66 3
v 67 2
v 68 8
v 69 9
v 70 6
v 71 6
v 72 7
v 73 7
v 74 6
v 75 6
v 76 7
v 77 7
e 0 2 4
e 0 3 4
e 0 10 3
e 0 14 3
e 1 4 2
e 1 8 4
e 1 72 4
e 2 3 2
e 4 8 3
e 5 6 3
e 5 19 3
e 6 14 2
e 6 16 3
e 7 16 2
e 7 18 2
e 7 19 2
e 9 11 2
e 9 13 3
e 9 15 2
e 10 15 2
e 11 12 2
e 11 17 2
e 12 13 3
e 12 30 3
e 12 31 2
e 12 32 3
e 14 16 3
e 16 17 2
e 18 28 2
e 18 70 2
e 19 28 2
e 20 23 2
e 20 27 3
e 21 24 2
e 21 27 2
e 22 29 3
e 22 33 2
e 22 34 2
e 23 26 2
e 23 27 2
e 24 27 3
e 25 26 2
e 25 72 2
e 26 72 2
e 26 73 2
e 27 71 2
e 29 33 3
e 30 31 3
e 31 32 2
e 33 34 3
e 35 37 4
e 35 45 3
e 35 49 3
e 36 39 2
e 36 43 4
e 36 76 4
e 37 38 2
e 38 43 4
e 39 43 3
e 40 41 3
e 40 54 3
e 41 42 3
e 41 49 2
e 42 51 2
e 42 53 2
e 42 54 2
e 44 46 2
e 44 48 3
e 44 50 2
e 45 50 2
e 46 47 2
e 46 52 2
e 47 48 3
e 47 65 3
e 47 66 2
e 47 67 3
e 49 51 3
e 51 52 2
e 53 63 2
e 53 74 2
e 54 63 2
e 55 58 2
e 55 62 3
e 56 59 2
e 56 62 2
e 56 64 3
e 57 64 3
e 57 68 3
e 57 69 2
e 58 62 2
e 59 62 3
e 60 61 2
e 60 76 2
e 61 76 2
e 61 77 2
e 62 75 2
e 65 66 3
e 66 67 2
e 68 69 3
e 70 71 2
e 72 73 2
e 74 75 2
e 76 77 2
t # 5
v 0 2
v 1 9
v 2 2
v 3 9
v 4 9
v 5 2
v 6 2
v 7 9
v 8 3
v 9 3
v 10 8
v 11 8
v 12 9
v 13 2
v 14 2
v 15 9
v 16 8
v 17 3
v 18 3
v 19 8
v 20 9
v 21 2
v 22 3
v 23 8
v 24 8
v 25 8
v 26 9
v 27 8
v 28 2
v 29 9
v 30 9
v 31 3
v 32 2
v 33 8
v 34 8
v 35 3
v 36 8
v 37 2
v 38 9
v 39 2
v 40 9
v 41 9
v 42 2
v 43 2
v 44 9
v 45 3
v 46 3
v 47 8
v 48 8
v 49 9
v 50 2
v 51 2
v 52 9
v 53 8
v 54 3
v 55 3
v 56 8
v 57 9
v 58 2
v 59 3
v 60 8
v 61 8
v 62 8
v 63 9
v 64 8
v 65 2
v 66 9
v 67 9
v 68 3
v 69 8
v 70 8
v 71 8
v 72 3
v 73 8
v 74 2
v 75 9
v 76 2
v 77 9
v 78 9
v 79 2
v 80 2
v 81 9
v 82 3
v 83 3
v 84 8
v 85 8
v 86 9
v 87 2
v 88 2
v 89 9
v 90 8
v 91 3
v 92 3
v 93 8
v 94 9
v 95 2
v 96 3
v 97 8
v 98 8
v 99 8
v 100 9
v 101 8
v 102 2
v 103 9
v 104 9
v 105 3
v 106 8
v 107 8
v 108 8
v 109 3
v 110 8
v 111 2
v 112 9
v 113 2
v 114 9
v 115 9
v 116 2
v 117 2
v 118 9
v 119 3
v 120 3
v 121 8
v 122 8
v 123 9
v 124 2
v 125 2
v 126 9
v 127 8
v 128 3
v 129 3
v 130 8
v 131 9
v 132 2
v 133 3
v 134 8
v 135 8
v 136 8
v 137 9
v 138 8
v 139 2
v 140 9
v 141 9
v 142 3
v 143 2
v 144 8
v 145 8
v 146 3
v 147 8
v 148 6
v 149 6
v 150 6
v 151 6
v 152 6
v 153 6
v 154 6
v 155 6
e 0 1 2
e 0 2 3
e 0 7 3
e 1 2 2
e 2 4 2
e 3 4 3
e 3 27 2
e 3 28 3
e 4 27 2
e 5 6 2
e 5 13 2
e 6 13 2
e 6 14 3
e 6 24 3
e 7 8 4
e 7 10 4
e 8 10 2
e 8 18 3
e 9 11 3
e 9 12 2
e 9 18 3
e 10 12 3
e 10 18 3
e 11 15 3
e 11 17 3
e 13 24 2
e 14 53 3
e 15 16 3
e 15 24 3
e 15 148 3
e 16 51 3
e 17 18 2
e 17 148 3
e 19 20 3
e 19 25 2
e 19 28 3
e 19 36 4
e 20 21 3
e 20 22 3
e 21 23 3
e 21 25 3
e 21 26 2
e 21 28 2
e 22 34 2
e 22 35 3
e 23 26 2
e 23 32 3
e 24 31 3
e 24 32 3
e 24 149 2
e 25 26 3
e 27 149 3
e 28 149 2
e 29 36 4
e 29 148 2
e 29 149 3
e 30 33 2
e 30 34 3
e 31 32 2
e 32 143 3
e 33 34 3
e 34 35 2
e 37 38 2
e 37 39 3
e 37 44 3
e 38 39 2
e 39 41 2
e 40 41 3
e 40 64 2
e 40 65 3
e 41 64 2
e 42 43 2
e 42 50 2
e 43 50 2
e 43 51 3
e 43 61 3
e 44 45 4
e 44 47 4
e 45 47 2
e 45 55 3
e 46 48 3
e 46 49 2
e 46 55 3
e 47 49 3
e 47 55 3
e 48 52 3
e 48 54 3
e 50 61 2
e 52 53 3
e 52 61 3
e 52 150 3
e 54 55 2
e 54 150 3
e 56 57 3
e 56 62 2
e 56 65 3
e 56 73 4
e 57 58 3
e 57 59 3
e 58 60 3
e 58 62 3
e 58 63 2
e 58 65 2
e 59 71 2
e 59 72 3
e 60 63 2
e 60 69 3
e 61 68 3
e 61 69 3
e 61 151 2
e 62 63 3
e 64 151 3
e 65 151 2
e 66 73 4
e 66 150 2
e 66 151 3
e 67 70 2
e 67 71 3
e 68 69 2
e 69 106 3
e 70 71 3
e 71 72 2
e 74 75 2
e 74 76 3
e 74 81 3
e 75 76 2
e 76 78 2
e 77 78 3
e 77 101 2
e 77 102 3
e 78 101 2
e 79 80 2
e 79 87 2
e 80 87 2
e 80 88 3
e 80 98 3
e 81 82 4
e 81 84 4
e 82 84 2
e 82 92 3
e 83 85 3
e 83 86 2
e 83 92 3
e 84 86 3
e 84 92 3
e 85 89 3
e 85 91 3
e 87 98 2
e 88 127 3
e 89 90 3
e 89 98 3
e 89 152 3
e 90 125 3
e 91 92 2
e 91 152 3
e 93 94 3
e 93 99 2
e 93 102 3
e 93 110 4
e 94 95 3
e 94 96 3
e 95 97 3
e 95 99 3
e 95 100 2
e 95 102 2
e 96 108 2
e 96 109 3
e 97 100 2
e 97 106 3
e 98 105 3
e 98 106 3
e 98 153 2
e 99 100 3
e 101 153 3
e 102 153 2
e 103 110 4
e 103 152 2
e 103 153 3
e 104 107 2
e 104 108 3
e 105 106 2
e 107 108 3
e 108 109 2
e 111 112 2
e 111 113 3
e 111 118 3
e 112 113 2
e 113 115 2
e 114 115 3
e 114 138 2
e 114 139 3
e 115 138 2
e 116 117 2
e 116 124 2
e 117 124 2
e 117 125 3
e 117 135 3
e 118 119 4
e 118 121 4
e 119 121 2
e 119 129 3
e 120 122 3
e 120 123 2
e 120 129 3
e 121 123 3
e 121 129 3
e 122 126 3
e 122 128 3
e 124 135 2
e 126 127 3
e 126 135 3
e 126 154 3
e 128 129 2
e 128 154 3
e 130 131 3
e 130 136 2
e 130 139 3
e 130 147 4
e 131 132 3
e 131 133 3
e 132 134 3
e 132 136 3
e 132 137 2
e 132 139 2
e 133 145 2
e 133 146 3
e 134 137 2
e 134 143 3
e 135 142 3
e 135 143 3
e 135 155 2
e 136 137 3
e 138 155 3
e 139 155 2
e 140 147 4
e 140 154 2
e 140 155 3
e 141 144 2
e 141 145 3
e 142 143 2
e 144 145 3
e 145 146 2
e 148 149 2
e 150 151 2
e 152 153 2
e 154 155 2
t # 6
v 0 2
v 1 9
v 2 9
v 3 2
v 4 2
v 5 3
v 6 9
v 7 8
v 8 9
v 9 9
v 10 8
v 11 8
v 12 3
v 13 3
v 14 3
v 15 2
v 16 2
v 17 8
v 18 8
v 19 2
v 20 9
v 21 8
v 22 2
v 23 2
v 24 3
v 25 3
v 26 8
v 27 9
v 28 3
v 29 8
v 30 2
v 31 9
v 32 9
v 33 2
v 34 2
v 35 3
v 36 9
v 37 8
v 38 9
v 39 9
v 40 8
v 41 8
v 42 3
v 43 3
v 44 3
v 45 8
v 46 2
v 47 8
v 48 8
v 49 2
v 50 9
v 51 8
v 52 2
v 53 2
v 54 3
v 55 9
v 56 8
v 57 9
v 58 3
v 59 8
v 60 6
v 61 6
v 62 6
v 63 6
e 0 2 3
e 0 3 3
e 1 6 2
e 1 20 3
e 3 13 2
e 3 21 2
e 4 9 2
e 4 10 2
e 5 11 2
e 5 12 2
e 6 20 3
e 7 17 2
e 7 25 3
e 8 29 3
e 8 60 4
e 9 10 2
e 11 12 2
e 11 23 2
e 11 60 2
e 12 14 2
e 12 23 2
e 13 21 2
e 14 21 2
e 15 18 2
e 15 19 2
e 16 20 3
e 16 22 2
e 17 24 3
e 17 25 3
e 17 61 2
e 18 19 3
e 19 22 2
e 22 61 2
e 24 25 2
e 24 28 3
e 26 27 4
e 26 28 2
e 27 28 3
e 29 60 3
e 30 32 3
e 30 33 3
e 31 36 2
e 31 50 3
e 33 43 2
e 33 51 2
e 34 39 2
e 34 40 2
e 35 41 2
e 35 42 2
e 36 50 3
e 37 47 2
e 37 55 3
e 38 59 3
e 38 62 4
e 39 40 2
e 41 42 2
e 41 53 2
e 41 62 2
e 42 53 2
e 43 51 2
e 44 49 2
e 44 51 2
e 45 48 2
e 45 49 2
e 46 50 3
e 46 52 2
e 47 54 3
e 47 63 2
e 48 49 3
e 49 52 2
e 52 63 2
e 54 55 2
e 54 58 3
e 56 57 3
e 56 58 2
e 57 58 3
e 59 62 3
e 60 61 2
e 62 63 2
t # 7
v 0 9
v 1 9
v 2 8
v 3 9
v 4 8
v 5 9
v 6 3
v 7 9
v 8 3
v 9 8
v 10 3
v 11 9
v 12 8
v 13 3
v 14 8
v 15 2
v 16 8
v 17 8
v 18 2
v 19 2
v 20 9
v 21 2
v 22 8
v 23 9
v 24 9
v 25 9
v 26 9
v 27 3
v 28 8
v 29 3
v 30 6
v 31 6
e 0 4 2
e 0 8 2
e 1 2 2
e 1 3 3
e 1 5 2
e 2 5 3
e 3 5 3
e 4 8 2
e 5 20 2
e 6 7 3
e 6 11 4
e 6 13 3
e 7 11 4
e 7 12 2
e 7 30 2
e 9 10 2
e 9 17 2
e 10 17 3
e 12 22 2
e 12 30 2
e 13 20 2
e 13 30 3
e 14 15 3
e 14 18 2
e 14 19 2
e 14 23 3
e 15 21 2
e 16 24 2
e 16 27 2
e 17 25 3
e 17 31 2
e 18 23 3
e 19 21 2
e 21 31 2
e 22 30 2
e 24 25 2
e 24 27 2
e 26 27 3
e 26 28 3
e 27 29 3
e 28 29 2
e 30 31 2
t # 8
v 0 2
v 1 3
v 2 9
v 3 3
v 4 2
v 5 9
v 6 3
v 7 8
v 8 8
v 9 8
v 10 3
v 11 9
v 12 8
v 13 3
v 14 8
v 15 2
v 16 2
v 17 8
v 18 2
v 19 3
v 20 2
v 21 3
v 22 2
v 23 8
v 24 9
v 25 9
v 26 9
v 27 9
v 28 3
v 29 8
v 30 3
v 31 9
v 32 6
v 33 6
v 34 7
e 0 1 3
e 0 4 3
e 0 5 2
e 0 34 3
e 1 4 2
e 2 3 2
e 2 5 2
e 2 21 3
e 2 34 2
e 3 7 3
e 3 34 2
e 5 34 2
e 6 11 3
e 6 13 3
e 7 34 4
e 8 11 3
e 8 18 3
e 9 17 2
e 9 18 3
e 10 17 3
e 10 18 3
e 12 23 2
e 12 32 2
e 13 21 2
e 13 32 3
e 14 15 3
e 14 19 2
e 14 20 2
e 14 31 3
e 15 22 2
e 16 26 2
e 16 28 2
e 17 18 2
e 18 33 2
e 19 24 3
e 20 22 2
e 22 33 2
e 23 25 3
e 23 32 2
e 24 31 2
e 25 26 3
e 26 28 3
e 27 28 3
e 27 29 3
e 28 30 3
e 29 30 2
e 32 33 2
t # 9
v 0 2
v 1 3
v 2 3
v 3 8
v 4 3
v 5 9
v 6 9
v 7 8
v 8 3
v 9 8
v 10 9
v 11 9
v 12 2
v 13 9
v 14 3
v 15 8
v 16 8
v 17 9
v 18 8
v 19 2
v 20 3
v 21 2
v 22 2
v 23 8
v 24 9
v 25 2
v 26 2
v 27 9
v 28 9
v 29 9
v 30 3
v 31 2
v 32 8
v 33 8
v 34 3
v 35 2
v 36 3
v 37 3
v 38 8
v 39 3
v 40 3
v 41 9
v 42 8
v 43 3
v 44 8
v 45 9
v 46 9
v 47 2
v 48 9
v 49 3
v 50 8
v 51 8
v 52 9
v 53 8
v 54 2
v 55 3
v 56 2
v 57 2
v 58 8
v 59 9
v 60 2
v 61 2
v 62 9
v 63 9
v 64 9
v 65 3
v 66 2
v 67 8
v 68 8
v 69 3
v 70 6
v 71 6
v 72 6
v 73 6
e 0 1 2
e 0 2 3
e 0 5 2
e 1 2 2
e 3 23 3
e 3 31 3
e 4 5 2
e 4 6 2
e 5 6 2
e 5 7 2
e 6 7 3
e 8 9 3
e 8 10 2
e 8 11 2
e 8 12 3
e 8 14 2
e 9 13 3
e 9 14 2
e 10 15 2
e 11 12 3
e 11 29 3
e 11 30 2
e 11 31 3
e 13 14 3
e 15 16 2
e 16 27 2
e 16 70 2
e 17 21 3
e 17 27 2
e 18 21 2
e 18 22 2
e 19 23 2
e 19 26 2
e 20 28 3
e 20 32 2
e 20 34 2
e 21 22 3
e 21 25 2
e 21 26 2
e 24 25 2
e 24 71 2
e 26 71 2
e 28 29 3
e 29 30 3
e 30 31 2
e 32 33 4
e 32 34 2
e 33 34 3
e 35 36 2
e 35 37 3
e 35 40 2
e 36 37 2
e 38 47 3
e 38 58 3
e 38 66 3
e 39 40 2
e 39 41 2
e 40 41 2
e 40 42 2
e 41 42 3
e 43 44 3
e 43 45 2
e 43 46 2
e 43 47 3
e 43 49 2
e 44 48 3
e 44 49 2
e 45 50 2
e 46 64 3
e 46 65 2
e 46 66 3
e 48 49 3
e 50 51 2
e 51 62 2
e 51 72 2
e 52 56 3
e 52 62 2
e 53 56 2
e 53 57 3
e 54 57 3
e 54 58 2
e 54 61 2
e 55 63 3
e 55 67 2
e 55 69 2
e 56 60 2
e 56 61 2
e 58 61 3
e 59 60 2
e 59 73 2
e 63 64 3
e 64 65 3
e 65 66 2
e 67 68 4
e 67 69 2
e 68 69 3
e 70 71 2
e 72 73 2
t # 10
v 0 2
v 1 3
v 2 9
v 3 2
v 4 9
v 5 3
v 6 8
v 7 8
v 8 8
v 9 3
v 10 3
v 11 8
v 12 3
v 13 8
v 14 2
v 15 2
v 16 8
v 17 2
v 18 3
v 19 2
v 20 3
v 21 2
v 22 8
v 23 9
v 24 9
v 25 9
v 26 9
v 27 3
v 28 8
v 29 3
v 30 9
v 31 6
v 32 6
e 0 1 3
e 0 3 3
e 0 4 3
e 1 3 2
e 2 4 4
e 2 6 3
e 4 20 3
e 5 10 3
e 5 12 3
e 6 16 4
e 7 10 3
e 7 17 3
e 8 16 2
e 8 17 3
e 9 16 3
e 9 17 3
e 11 22 2
e 11 31 2
e 12 20 2
e 12 31 3
e 13 14 3
e 13 18 2
e 13 19 2
e 13 30 3
e 14 21 2
e 15 24 3
e 15 25 2
e 15 27 2
e 16 17 2
e 17 32 2
e 18 23 3
e 19 21 2
e 20 32 3
e 21 32 2
e 22 31 3
e 23 30 2
e 24 25 3
e 25 27 3
e 26 27 3
e 26 28 3
e 27 29 3
e 28 29 2
e 31 32 2
t # 11
v 0 2
v 1 9
v 2 2
v 3 9
v 4 9
v 5 2
v 6 2
v 7 9
v 8 3
v 9 3
v 10 8
v 11 8
v 12 9
v 13 2
v 14 2
v 15 9
v 16 8
v 17 3
v 18 3
v 19 8
v 20 9
v 21 2
v 22 3
v 23 8
v 24 8
v 25 8
v 26 9
v 27 8
v 28 2
v 29 9
v 30 9
v 31 3
v 32 2
v 33 8
v 34 8
v 35 3
v 36 8
v 37 2
v 38 9
v 39 2
v 40 9
v 41 9
v 42 2
v 43 2
v 44 9
v 45 3
v 46 3
v 47 8
v 48 8
v 49 9
v 50 2
v 51 2
v 52 9
v 53 8
v 54 3
v 55 3
v 56 8
v 57 9
v 58 2
v 59 3
v 60 8
v 61 8
v 62 8
v 63 9
v 64 8
v 65 2
v 66 9
v 67 9
v 68 3
v 69 8
v 70 8
v 71 8
v 72 3
v 73 8
v 74 2
v 75 9
v 76 2
v 77 9
v 78 9
v 79 2
v 80 2
v 81 9
v 82 3
v 83 3
v 84 8
v 85 8
v 86 9
v 87 2
v 88 2
v 89 9
v 90 8
v 91 3
v 92 3
v 93 8
v 94 9
v 95 2
v 96 3
v 97 8
v 98 8
v 99 8
v 100 9
v 101 8
v 102 2
v 103 9
v 104 9
v 105 3
v 106 8
v 107 8
v 108 8
v 109 3
v 110 8
v 111 2
v 112 9
v 113 2
v 114 9
v 115 9
v 116 2
v 117 2
v 118 9
v 119 3
v 120 3
v 121 8
v 122 8
v 123 9
v 124 2
v 125 2
v 126 9
v 127 8
v 128 3
v 129 3
v 130 8
v 131 9
v 132 2
v 133 3
v 134 8
v 135 8
v 136 8
v 137 9
v 138 8
v 139 2
v 140 9
v 141 9
v 142 3
v 143 2
v 144 8
v 145 8
v 146 3
v 147 8
v 148 6
v 149 6
v 150 6
v 151 6
v 152 6
v 153 6
v 154 6
v 155 6
e 0 1 2
e 0 2 3
e 0 7 3
e 1 2 2
e 2 4 2
e 3 4 3
e 3 27 2
e 3 28 3
e 4 27 2
e 5 6 2
e 5 13 2
e 6 13 2
e 6 14 3
e 6 24 3
e 7 8 4
e 7 10 4
e 8 10 2
e 8 18 3
e 9 11 3
e 9 12 2
e 9 18 3
e 10 12 3
e 10 18 3
e 11 15 3
e 11 17 3
e 13 24 2
e 14 53 3
e 15 16 3
e 15 24 3
e 15 148 3
e 16 51 3
e 17 18 2
e 17 148 3
e 19 20 3
e 19 25 2
e 19 28 3
e 19 36 4
e 20 21 3
e 20 22 3
e 21 23 3
e 21 25 3
e 21 26 2
e 21 28 2
e 22 34 2
e 22 35 3
e 23 26 2
e 23 32 3
e 24 31 3
e 24 32 3
e 24 149 2
e 25 26 3
e 27 149 3
e 28 149 2
e 29 36 4
e 29 148 2
e 29 149 3
e 30 33 2
e 30 34 3
e 31 32 2
e 32 143 3
e 33 34 3
e 34 35 2
e 37 38 2
e 37 39 3
e 37 44 3
e 38 39 2
e 39 41 2
e 40 41 3
e 40 64 2
e 40 65 3
e 41 64 2
e 42 43 2
e 42 50 2
e 43 50 2
e 43 51 3
e 43 61 3
e 44 45 4
e 44 47 4
e 45 47 2
e 45 55 3
e 46 48 3
e 46 49 2
e 46 55 3
e 47 49 3
e 47 55 3
e 48 52 3
e 48 54 3
e 50 61 2
e 52 53 3
e 52 61 3
e 52 150 3
e 54 55 2
e 54 150 3
e 56 57 3
e 56 62 2
e 56 65 3
e 56 73 4
e 57 58 3
e 57 59 3
e 58 60 3
e 58 62 3
e 58 63 2
e 58 65 2
e 59 71 2
e 59 72 3
e 60 63 2
e 60 69 3
e 61 68 3
e 61 69 3
e 61 151 2
e 62 63 3
e 64 151 3
e 65 151 2
e 66 73 4
e 66 150 2
e 66 151 3
e 67 70 2
e 67 71 3
e 68 69 2
e 69 106 3
e 70 71 3
e 71 72 2
e 74 75 2
e 74 76 3
e 74 81 3
e 75 76 2
e 76 78 2
e 77 78 3
e 77 101 2
e 77 102 3
e 78 101 2
e 79 80 2
e 79 87 2
e 80 87 2
e 80 88 3
e 80 98 3
e 81 82 4
e 81 84 4
e 82 84 2
e 82 92 3
e 83 85 3
e 83 86 2
e 83 92 3
e 84 86 3
e 84 92 3
e 85 89 3
e 85 91 3
e 87 98 2
e 88 127 3
e 89 90 3
e 89 98 3
e 89 152 3
e 90 125 3
e 91 92 2
e 91 152 3
e 93 94 3
e 93 99 2
e 93 102 3
e 93 110 4
e 94 95 3
e 94 96 3
e 95 97 3
e 95 99 3
e 95 100 2
e 95 102 2
e 96 108 2
e 96 109 3
e 97 100 2
e 97 106 3
e 98 105 3
e 98 106 3
e 98 153 2
e 99 100 3
e 101 153 3
e 102 153 2
e 103 110 4
e 103 152 2
e 103 153 3
e 104 107 2
e 104 108 3
e 105 106 2
e 107 108 3
e 108 109 2
e 111 112 2
e 111 113 3
e 111 118 3
e 112 113 2
e 113 115 2
e 114 115 3
e 114 138 2
e 114 139 3
e 115 138 2
e 116 117 2
e 116 124 2
e 117 124 2
e 117 125 3
e 117 135 3
e 118 119 4
e 118 121 4
e 119 121 2
e 119 129 3
e 120 122 3
e 120 123 2
e 120 129 3
e 121 123 3
e 121 129 3
e 122 126 3
e 122 128 3
e 124 135 2
e 126 127 3
e 126 135 3
e 126 154 3
e 128 129 2
e 128 154 3
e 130 131 3
e 130 136 2
e 130 139 3
e 130 147 4
e 131 132 3
e 131 133 3
e 132 134 3
e 132 136 3
e 132 137 2
e 132 139 2
e 133 145 2
e 133 146 3
e 134 137 2
e 134 143 3
e 135 142 3
e 135 143 3
e 135 155 2
e 136 137 3
e 138 155 3
e 139 155 2
e 140 147 4
e 140 154 2
e 140 155 3
e 141 144 2
e 141 145 3
e 142 143 2
e 144 145 3
e 145 146 2
e 148 149 2
e 150 151 2
e 152 153 2
e 154 155 2
t # 12
v 0 2
v 1 2
v 2 3
v 3 2
v 4 8
v 5 3
v 6 9
v 7 9
v 8 9
v 9 9
v 10 9
v 11 9
v 12 9
v 13 8
v 14 2
v 15 8
v 16 9
v 17 9
v 18 8
v 19 8
v 20 2
v 21 9
v 22 2
v 23 2
v 24 8
v 25 9
v 26 2
v 27 8
v 28 3
v 29 3
v 30 3
v 31 6
v 32 6
e 0 2 3
e 0 3 3
e 0 4 3
e 0 5 3
e 0 6 3
e 1 12 2
e 1 32 3
e 2 3 3
e 2 5 3
e 4 6 2
e 4 7 2
e 6 7 2
e 8 9 3
e 8 17 3
e 9 10 3
e 9 15 2
e 9 31 2
e 10 13 3
e 11 14 2
e 11 31 2
e 12 14 3
e 13 14 3
e 14 31 3
e 15 24 2
e 15 31 2
e 16 17 3
e 16 31 2
e 16 32 3
e 17 18 3
e 18 22 3
e 19 22 2
e 19 25 3
e 19 30 2
e 20 21 2
e 20 23 2
e 21 23 3
e 22 23 2
e 23 32 2
e 24 31 2
e 25 30 2
e 26 27 2
e 26 28 3
e 26 29 2
e 27 29 3
e 28 29 2
e 31 32 2
t # 13
v 0 2
v 1 3
v 2 8
v 3 2
v 4 2
v 5 3
v 6 9
v 7 3
v 8 2
v 9 8
v 10 2
v 11 8
v 12 2
v 13 3
v 14 8
v 15 8
v 16 3
v 17 8
v 18 8
v 19 2
v 20 3
v 21 8
v 22 2
v 23 8
v 24 2
v 25 8
v 26 3
v 27 9
v 28 3
v 29 9
v 30 7
v 31 6
v 32 6
e 0 1 2
e 0 4 2
e 0 10 3
e 1 9 4
e 1 10 2
e 2 3 2
e 2 11 2
e 2 12 2
e 3 12 2
e 4 5 3
e 5 16 2
e 6 7 3
e 6 8 3
e 7 8 2
e 7 14 3
e 7 15 2
e 8 14 2
e 9 10 4
e 11 21 2
e 11 30 2
e 13 15 3
e 13 31 3
e 15 25 2
e 15 31 2
e 16 32 3
e 17 22 3
e 17 25 2
e 18 22 2
e 18 24 3
e 18 29 3
e 19 20 3
e 19 23 2
e 19 24 2
e 19 26 3
e 20 27 4
e 20 28 2
e 21 23 2
e 21 30 2
e 22 24 2
e 22 29 3
e 24 32 2
e 26 28 3
e 27 28 3
e 31 32 2
t # 14
v 0 2
v 1 3
v 2 9
v 3 9
v 4 9
v 5 8
v 6 9
v 7 9
v 8 9
v 9 3
v 10 8
v 11 9
v 12 9
v 13 2
v 14 8
v 15 9
v 16 3
v 17 9
v 18 8
v 19 8
v 20 3
v 21 9
v 22 8
v 23 8
v 24 2
v 25 2
v 26 2
v 27 8
v 28 9
v 29 2
v 30 2
v 31 9
v 32 9
v 33 9
v 34 3
v 35 2
v 36 8
v 37 3
v 38 9
v 39 3
v 40 6
v 41 6
v 42 7
v 43 7
e 0 1 2
e 0 2 2
e 0 4 2
e 1 2 2
e 1 3 3
e 3 4 2
e 3 8 3
e 4 5 3
e 5 6 3
e 6 7 3
e 6 15 2
e 7 8 2
e 9 11 2
e 9 12 2
e 9 13 3
e 9 16 2
e 10 14 2
e 10 16 2
e 11 18 2
e 12 33 3
e 12 34 2
e 12 35 3
e 13 14 3
e 15 17 2
e 17 18 2
e 19 20 2
e 19 31 2
e 19 40 2
e 20 31 2
e 21 26 3
e 21 43 2
e 22 26 2
e 22 39 2
e 23 24 2
e 23 27 2
e 24 25 2
e 24 27 2
e 25 27 2
e 25 30 2
e 26 30 2
e 26 39 3
e 28 29 2
e 28 42 2
e 29 42 2
e 30 41 2
e 32 33 3
e 32 39 3
e 33 34 3
e 34 35 2
e 36 37 2
e 36 38 2
e 37 38 3
e 40 41 2
e 42 43 2
t # 15
v 0 2
v 1 9
v 2 3
v 3 9
v 4 2
v 5 9
v 6 9
v 7 9
v 8 9
v 9 3
v 10 9
v 11 3
v 12 8
v 13 8
v 14 3
v 15 9
v 16 9
v 17 3
v 18 8
v 19 3
v 20 2
v 21 2
v 22 3
v 23 2
v 24 8
v 25 2
v 26 2
v 27 8
v 28 2
v 29 8
v 30 9
v 31 9
v 32 9
v 33 3
v 34 9
v 35 3
v 36 8
v 37 3
v 38 9
v 39 2
v 40 9
v 41 3
v 42 9
v 43 2
v 44 9
v 45 9
v 46 9
v 47 9
v 48 3
v 49 9
v 50 3
v 51 8
v 52 8
v 53 3
v 54 9
v 55 3
v 56 9
v 57 8
v 58 3
v 59 2
v 60 2
v 61 3
v 62 2
v 63 8
v 64 2
v 65 2
v 66 8
v 67 2
v 68 8
v 69 9
v 70 9
v 71 9
v 72 3
v 73 9
v 74 3
v 75 8
v 76 3
v 77 9
v 78 2
v 79 9
v 80 3
v 81 9
v 82 2
v 83 9
v 84 9
v 85 9
v 86 9
v 87 3
v 88 9
v 89 3
v 90 8
v 91 8
v 92 3
v 93 9
v 94 3
v 95 3
v 96 8
v 97 3
v 98 2
v 99 2
v 100 3
v 101 2
v 102 8
v 103 2
v 104 2
v 105 8
v 106 2
v 107 8
v 108 9
v 109 9
v 110 9
v 111 3
v 112 9
v 113 3
v 114 8
v 115 3
v 116 9
v 117 7
v 118 7
v 119 7
v 120 6
v 121 6
v 122 7
v 123 7
v 124 7
v 125 7
v 126 7
v 127 6
v 128 6
v 129 7
v 130 7
v 131 6
v 132 6
e 0 1 4
e 0 2 3
e 0 4 3
e 0 6 2
e 0 7 2
e 0 8 3
e 1 2 4
e 1 10 3
e 2 4 2
e 2 8 4
e 3 6 2
e 3 7 2
e 4 8 3
e 5 7 3
e 5 19 2
e 6 7 2
e 6 27 3
e 7 27 3
e 9 16 3
e 9 18 2
e 9 29 3
e 9 120 2
e 10 15 3
e 11 12 3
e 11 109 3
e 11 129 3
e 12 24 3
e 13 17 3
e 13 25 3
e 14 15 3
e 14 25 3
e 14 119 3
e 15 16 3
e 16 17 2
e 18 29 2
e 18 120 2
e 19 27 2
e 19 120 3
e 20 21 3
e 20 26 2
e 20 28 3
e 20 38 2
e 20 118 3
e 21 22 3
e 21 28 2
e 22 36 2
e 22 37 2
e 22 118 3
e 23 31 2
e 23 32 2
e 23 33 2
e 23 35 2
e 24 25 2
e 24 33 2
e 24 119 2
e 25 119 2
e 25 121 2
e 26 28 2
e 28 121 2
e 29 30 2
e 29 117 2
e 30 38 2
e 31 32 2
e 31 117 2
e 32 35 3
e 33 35 2
e 34 35 3
e 34 36 3
e 36 37 2
e 39 41 3
e 39 43 3
e 39 45 2
e 39 46 2
e 39 47 3
e 40 49 3
e 40 123 2
e 41 43 2
e 41 47 4
e 42 45 2
e 42 46 2
e 42 50 3
e 43 47 3
e 44 46 3
e 44 58 2
e 44 123 4
e 45 46 2
e 45 66 3
e 46 66 3
e 48 55 3
e 48 57 2
e 48 68 3
e 48 127 2
e 49 54 3
e 49 123 3
e 50 51 3
e 51 63 3
e 52 56 3
e 52 64 3
e 52 126 3
e 53 54 3
e 53 64 3
e 53 125 3
e 53 126 3
e 54 55 3
e 54 126 2
e 55 56 2
e 57 68 2
e 57 127 2
e 58 66 2
e 58 127 3
e 59 60 3
e 59 65 2
e 59 67 3
e 59 77 3
e 60 61 3
e 60 67 2
e 61 75 2
e 61 76 2
e 62 70 2
e 62 71 2
e 62 72 2
e 62 74 2
e 63 64 2
e 63 72 2
e 63 125 2
e 64 125 2
e 64 128 2
e 65 67 2
e 67 128 2
e 68 122 2
e 69 77 2
e 69 124 2
e 70 71 2
e 70 89 3
e 70 122 2
e 71 74 3
e 72 74 2
e 73 74 3
e 73 75 3
e 75 76 2
e 77 124 2
e 78 79 4
e 78 80 3
e 78 82 3
e 78 84 2
e 78 85 2
e 78 86 3
e 79 80 4
e 79 88 3
e 80 82 2
e 80 86 4
e 81 84 2
e 81 85 2
e 81 89 3
e 82 86 3
e 83 85 3
e 83 97 2
e 84 85 2
e 85 105 3
e 87 94 3
e 87 96 2
e 87 107 2
e 87 131 2
e 88 93 3
e 89 90 3
e 89 122 3
e 90 102 3
e 91 95 3
e 91 103 3
e 92 93 3
e 92 102 3
e 92 103 3
e 93 94 3
e 94 95 2
e 96 107 2
e 96 131 2
e 97 105 2
e 97 131 3
e 98 99 3
e 98 104 2
e 98 106 3
e 98 116 2
e 98 130 3
e 99 100 3
e 99 106 2
e 100 114 2
e 100 115 2
e 100 130 3
e 101 109 2
e 101 110 2
e 101 111 2
e 101 113 2
e 102 103 2
e 102 111 2
e 103 132 2
e 104 105 3
e 104 106 2
e 106 132 2
e 107 108 2
e 107 129 2
e 108 116 2
e 109 110 2
e 109 129 2
e 110 113 3
e 111 113 2
e 112 113 3
e 112 114 3
e 114 115 2
e 120 121 2
e 127 128 2
e 131 132 2
t # 16
v 0 2
v 1 3
v 2 8
v 3 3
v 4 9
v 5 3
v 6 9
v 7 2
v 8 3
v 9 9
v 10 2
v 11 8
v 12 9
v 13 9
v 14 8
v 15 8
v 16 2
v 17 9
v 18 2
v 19 2
v 20 9
v 21 2
v 22 8
v 23 9
v 24 8
v 25 8
v 26 8
v 27 3
v 28 3
v 29 2
v 30 3
v 31 2
v 32 3
v 33 9
v 34 3
v 35 9
v 36 2
v 37 3
v 38 9
v 39 8
v 40 8
v 41 9
v 42 9
v 43 8
v 44 8
v 45 2
v 46 9
v 47 2
v 48 2
v 49 9
v 50 2
v 51 8
v 52 9
v 53 8
v 54 8
v 55 8
v 56 3
v 57 3
v 58 6
v 59 6
v 60 7
v 61 6
v 62 6
v 63 7
e 0 1 2
e 0 3 2
e 1 2 2
e 1 8 3
e 2 8 2
e 2 60 3
e 3 4 2
e 4 5 2
e 5 13 2
e 6 7 3
e 6 13 3
e 7 11 3
e 9 10 2
e 9 58 2
e 10 58 2
e 11 12 2
e 11 22 2
e 11 58 2
e 12 22 2
e 12 58 2
e 14 23 2
e 14 28 2
e 15 19 2
e 15 28 2
e 16 20 2
e 16 21 2
e 17 25 3
e 17 27 2
e 18 24 3
e 18 59 2
e 19 21 2
e 19 60 3
e 20 21 2
e 23 28 2
e 24 27 3
e 25 26 2
e 25 27 2
e 26 27 3
e 29 30 2
e 29 32 2
e 30 31 2
e 30 37 3
e 31 37 2
e 31 63 3
e 32 33 2
e 33 34 2
e 34 42 2
e 35 36 3
e 35 42 3
e 36 40 3
e 38 39 2
e 38 61 2
e 39 61 2
e 40 41 2
e 40 51 2
e 40 61 2
e 41 51 2
e 41 61 2
e 41 62 2
e 43 52 2
e 43 57 2
e 44 48 2
e 44 57 2
e 45 49 2
e 45 50 2
e 46 54 3
e 46 56 2
e 47 53 3
e 47 62 2
e 48 50 2
e 48 63 3
e 49 50 2
e 52 57 2
e 53 56 3
e 54 55 2
e 54 56 2
e 55 56 3
e 58 59 2
e 61 62 2
t # 17
v 0 2
v 1 3
v 2 3
v 3 9
v 4 2
v 5 9
v 6 8
v 7 9
v 8 9
v 9 8
v 10 2
v 11 8
v 12 9
v 13 8
v 14 2
v 15 8
v 16 9
v 17 9
v 18 9
v 19 2
v 20 8
v 21 2
v 22 9
v 23 8
v 24 2
v 25 2
v 26 8
v 27 3
v 28 8
v 29 3
v 30 9
v 31 6
v 32 6
v 33 7
e 0 2 3
e 0 3 3
e 0 4 2
e 0 5 3
e 0 33 3
e 1 11 3
e 1 23 3
e 2 3 3
e 3 4 2
e 4 6 3
e 4 17 3
e 5 33 2
e 6 17 2
e 7 8 3
e 7 10 3
e 8 9 2
e 8 15 2
e 9 10 2
e 10 13 2
e 11 23 3
e 12 14 2
e 12 31 2
e 13 14 2
e 15 16 2
e 16 26 2
e 16 31 2
e 16 32 2
e 18 19 3
e 18 24 3
e 19 20 2
e 19 30 2
e 20 24 2
e 20 30 3
e 21 22 3
e 21 25 2
e 22 29 2
e 23 27 3
e 23 28 3
e 23 32 2
e 24 25 2
e 25 26 2
e 27 28 2
e 27 29 3
e 31 32 2
t # 18
v 0 2
v 1 2
v 2 3
v 3 2
v 4 8
v 5 3
v 6 9
v 7 9
v 8 9
v 9 9
v 10 9
v 11 9
v 12 9
v 13 8
v 14 2
v 15 8
v 16 9
v 17 9
v 18 8
v 19 8
v 20 2
v 21 9
v 22 2
v 23 2
v 24 8
v 25 9
v 26 2
v 27 8
v 28 9
v 29 3
v 30 3
v 31 7
v 32 6
v 33 6
e 0 2 3
e 0 3 3
e 0 4 3
e 0 5 3
e 0 6 3
e 1 12 2
e 1 33 3
e 2 3 3
e 2 5 3
e 4 6 2
e 4 7 2
e 6 7 2
e 8 9 3
e 8 17 3
e 9 10 3
e 9 15 2
e 9 31 2
e 10 13 3
e 11 14 2
e 11 32 2
e 12 14 3
e 13 14 3
e 14 32 2
e 15 24 2
e 15 31 2
e 16 17 3
e 16 32 3
e 16 33 3
e 17 18 3
e 18 22 3
e 19 22 2
e 19 25 3
e 19 30 2
e 20 21 2
e 20 23 2
e 21 23 3
e 22 23 2
e 24 31 2
e 25 30 2
e 26 27 2
e 26 28 3
e 26 29 2
e 27 29 3
e 28 29 2
e 31 32 2
e 31 33 2
e 32 33 2
t # 19
v 0 9
v 1 8
v 2 2
v 3 8
v 4 9
v 5 3
v 6 3
v 7 8
v 8 8
v 9 8
v 10 8
v 11 3
v 12 3
v 13 8
v 14 9
v 15 3
v 16 2
v 17 9
v 18 8
v 19 2
v 20 2
v 21 9
v 22 3
v 23 3
v 24 8
v 25 8
v 26 8
v 27 8
v 28 9
v 29 9
v 30 8
v 31 9
v 32 3
v 33 2
v 34 3
v 35 2
v 36 2
v 37 2
v 38 9
v 39 3
v 40 3
v 41 8
v 42 8
v 43 8
v 44 8
v 45 3
v 46 9
v 47 8
v 48 9
v 49 3
v 50 8
v 51 9
v 52 2
v 53 2
v 54 8
v 55 9
v 56 3
v 57 3
v 58 2
v 59 8
v 60 8
v 61 8
v 62 9
v 63 9
v 64 8
v 65 9
v 66 3
v 67 2
v 68 3
v 69 8
v 70 2
v 71 8
v 72 9
v 73 3
v 74 3
v 75 8
v 76 8
v 77 8
v 78 8
v 79 9
v 80 9
v 81 8
v 82 9
v 83 3
v 84 8
v 85 9
v 86 2
v 87 2
v 88 8
v 89 9
v 90 3
v 91 3
v 92 8
v 93 8
v 94 8
v 95 8
v 96 9
v 97 9
v 98 8
v 99 9
v 100 3
v 101 2
v 102 6
v 103 6
v 104 6
v 105 6
v 106 6
v 107 6
v 108 6
v 109 6
v 110 6
v 111 6
v 112 6
v 113 6
e 0 1 2
e 0 3 3
e 0 14 2
e 0 15 3
e 1 16 3
e 2 4 3
e 2 12 3
e 3 12 3
e 4 11 3
e 4 12 3
e 5 6 2
e 5 16 3
e 5 103 2
e 6 7 2
e 6 16 2
e 6 27 3
e 7 16 2
e 7 27 3
e 8 61 4
e 8 102 4
e 9 15 4
e 9 102 4
e 10 22 4
e 10 23 3
e 10 24 3
e 10 93 4
e 11 12 2
e 11 93 4
e 11 103 2
e 12 103 2
e 13 14 3
e 13 102 3
e 14 15 3
e 14 103 3
e 15 102 3
e 17 18 2
e 17 20 3
e 17 31 2
e 17 32 3
e 18 32 3
e 18 33 3
e 19 21 3
e 19 29 3
e 20 29 3
e 21 28 3
e 21 29 3
e 22 23 2
e 22 105 2
e 23 24 2
e 23 33 2
e 24 33 2
e 25 78 4
e 25 79 4
e 25 104 4
e 26 32 4
e 26 104 4
e 27 42 4
e 28 29 2
e 28 42 4
e 28 105 2
e 29 105 2
e 30 31 3
e 30 104 3
e 31 105 3
e 32 104 3
e 34 35 2
e 34 37 3
e 34 48 2
e 34 49 3
e 35 50 3
e 36 38 3
e 36 46 3
e 37 46 3
e 38 45 3
e 38 46 3
e 39 40 2
e 39 107 2
e 40 41 2
e 40 50 2
e 40 61 4
e 41 50 2
e 41 61 3
e 42 106 4
e 43 49 4
e 43 106 4
e 44 57 4
e 44 58 3
e 45 46 2
e 45 107 2
e 46 107 2
e 47 48 3
e 47 49 3
e 47 106 3
e 48 49 3
e 48 107 3
e 49 106 3
e 51 52 2
e 51 54 3
e 51 65 2
e 51 66 3
e 52 67 3
e 53 55 3
e 53 61 4
e 53 63 3
e 54 63 3
e 55 62 3
e 55 63 3
e 56 57 2
e 56 109 2
e 57 58 2
e 57 67 2
e 58 67 2
e 59 108 4
e 60 66 3
e 60 108 4
e 62 63 2
e 62 109 2
e 63 109 2
e 64 65 3
e 64 108 3
e 65 66 3
e 65 109 3
e 66 108 3
e 68 69 2
e 68 71 3
e 68 82 2
e 68 83 3
e 69 83 3
e 69 84 3
e 70 72 3
e 70 78 4
e 70 80 3
e 71 80 3
e 72 79 3
e 72 80 3
e 73 74 2
e 73 111 2
e 74 75 2
e 74 84 2
e 74 95 3
e 75 84 2
e 75 95 3
e 76 110 4
e 77 83 4
e 77 110 4
e 78 91 3
e 78 92 3
e 79 80 2
e 79 111 2
e 80 111 2
e 81 82 3
e 81 110 3
e 82 111 3
e 83 110 3
e 85 86 2
e 85 88 3
e 85 99 2
e 85 100 3
e 86 101 3
e 87 89 3
e 87 97 3
e 88 97 3
e 89 96 3
e 89 97 3
e 90 91 2
e 90 101 3
e 90 113 2
e 91 92 2
e 91 101 2
e 92 101 2
e 94 100 4
e 94 112 4
e 96 97 2
e 96 113 2
e 97 113 2
e 98 99 3
e 98 112 3
e 99 100 3
e 99 113 3
e 100 112 3
t # 20
v 0 9
v 1 8
v 2 8
v 3 9
v 4 9
v 5 8
v 6 9
v 7 9
v 8 9
v 9 3
v 10 9
v 11 9
v 12 9
v 13 9
v 14 9
v 15 8
v 16 3
v 17 9
v 18 9
v 19 8
v 20 8
v 21 9
v 22 9
v 23 8
v 24 9
v 25 9
v 26 9
v 27 3
v 28 9
v 29 9
v 30 9
v 31 9
v 32 9
v 33 8
v 34 3
v 35 9
v 36 9
v 37 8
v 38 8
v 39 9
v 40 9
v 41 8
v 42 9
v 43 9
v 44 9
v 45 3
v 46 9
v 47 9
v 48 9
v 49 9
v 50 3
v 51 8
v 52 3
v 53 9
v 54 9
v 55 8
v 56 8
v 57 9
v 58 9
v 59 8
v 60 9
v 61 9
v 62 3
v 63 9
v 64 9
v 65 9
v 66 9
v 67 9
v 68 8
v 69 3
v 70 9
v 71 7
v 72 6
v 73 6
v 74 7
v 75 6
v 76 6
v 77 7
v 78 6
v 79 6
v 80 7
v 81 6
v 82 6
e 0 2 3
e 0 13 2
e 1 7 4
e 1 71 3
e 1 73 2
e 2 71 3
e 3 11 3
e 3 13 3
e 3 71 2
e 4 5 3
e 4 9 4
e 4 10 3
e 5 6 3
e 7 15 3
e 8 11 2
e 8 13 3
e 9 10 3
e 9 14 4
e 10 12 4
e 11 12 4
e 14 35 3
e 15 72 3
e 16 17 3
e 16 72 4
e 16 73 3
e 17 50 3
e 18 20 3
e 18 31 2
e 19 25 4
e 19 74 3
e 19 76 2
e 20 74 3
e 21 29 3
e 21 31 3
e 21 74 2
e 22 23 3
e 22 27 4
e 22 28 3
e 22 74 3
e 23 24 3
e 25 33 3
e 26 29 2
e 26 31 3
e 27 28 3
e 27 32 4
e 28 30 4
e 29 30 4
e 32 76 4
e 33 75 3
e 34 35 3
e 34 75 4
e 34 76 3
e 36 38 3
e 36 49 2
e 37 43 4
e 37 77 3
e 37 79 2
e 38 77 3
e 39 47 3
e 39 49 3
e 39 77 2
e 40 41 3
e 40 45 4
e 40 46 3
e 41 42 3
e 43 51 3
e 44 47 2
e 44 49 3
e 45 46 3
e 45 50 4
e 46 48 4
e 48 56 4
e 51 78 3
e 52 53 3
e 52 78 4
e 52 79 3
e 53 78 4
e 54 56 3
e 54 66 2
e 55 80 3
e 55 82 2
e 56 80 3
e 57 64 3
e 57 66 2
e 57 80 2
e 58 59 3
e 58 63 3
e 59 60 3
e 61 64 2
e 61 66 3
e 62 63 3
e 62 67 4
e 63 65 4
e 64 65 4
e 67 82 4
e 68 81 3
e 68 82 4
e 69 70 3
e 69 81 4
e 69 82 3
e 70 81 4
t # 21
v 0 3
v 1 9
v 2 9
v 3 8
v 4 9
v 5 8
v 6 3
v 7 9
v 8 9
v 9 8
v 10 9
v 11 9
v 12 3
v 13 9
v 14 9
v 15 8
v 16 9
v 17 8
v 18 3
v 19 9
v 20 9
v 21 8
v 22 9
v 23 9
v 24 6
v 25 6
v 26 7
v 27 6
v 28 6
v 29 7
e 0 1 4
e 0 3 4
e 2 8 3
e 2 26 3
e 4 5 3
e 4 24 3
e 5 6 3
e 6 7 3
e 6 24 4
e 6 25 3
e 8 10 4
e 8 25 2
e 9 11 4
e 9 26 4
e 11 26 3
e 12 13 4
e 12 15 3
e 14 20 3
e 14 29 3
e 16 17 3
e 16 27 3
e 17 18 3
e 18 19 4
e 18 27 4
e 18 28 3
e 20 22 4
e 20 28 2
e 21 23 4
e 21 29 4
e 23 29 3
t # 22
v 0 9
v 1 8
v 2 8
v 3 9
v 4 9
v 5 8
v 6 9
v 7 9
v 8 9
v 9 3
v 10 9
v 11 9
v 12 9
v 13 9
v 14 9
v 15 8
v 16 3
v 17 9
v 18 7
v 19 6
v 20 6
e 0 2 3
e 0 13 2
e 1 7 4
e 1 18 3
e 1 20 2
e 2 18 3
e 3 11 3
e 3 13 2
e 3 18 2
e 4 5 3
e 4 9 4
e 4 10 3
e 5 6 3
e 7 15 4
e 8 11 2
e 8 13 3
e 9 10 3
e 9 14 4
e 10 12 4
e 11 12 4
e 14 20 4
e 15 19 3
e 15 20 4
e 16 17 3
e 16 19 4
e 16 20 3
e 17 19 4
t # 23
v 0 3
v 1 9
v 2 9
v 3 8
v 4 9
v 5 8
v 6 3
v 7 9
v 8 9
v 9 8
v 10 9
v 11 9
v 12 3
v 13 9
v 14 9
v 15 8
v 16 9
v 17 8
v 18 3
v 19 9
v 20 9
v 21 8
v 22 9
v 23 9
v 24 6
v 25 6
v 26 7
v 27 6
v 28 6
v 29 7
e 0 1 4
e 0 3 4
e 2 8 3
e 2 26 3
e 4 5 3
e 4 24 3
e 5 6 3
e 6 7 3
e 6 24 4
e 6 25 3
e 8 10 4
e 8 25 2
e 9 11 4
e 9 26 4
e 11 26 3
e 12 13 4
e 12 15 3
e 14 20 3
e 14 29 3
e 16 17 3
e 16 27 3
e 17 18 3
e 18 19 4
e 18 27 4
e 18 28 3
e 20 22 4
e 20 28 2
e 21 23 4
e 21 29 4
e 23 29 3
t # -1